[1, 9.681692527],
[1, 9.691018443],
[1, 9.558388735],
[2, 5.113231376],
[2, 5.166071032],
[2, 5.048102166],
[3, 3.619673179],
[3, 3.466294869],
[3, 3.466040554],
[4, 2.705973087],
[4, 2.601855316],
[4, 2.692264237],
[5, 3.701687795],
[5, 3.710489470],
[5, 3.702571135],
[6, 3.131230130],
[6, 3.127483542],
[6, 3.175296484],
[7, 2.750653927],
[7, 2.750167468],
[7, 2.750877886],
[8, 2.469867638],
[8, 2.409280325],
[8, 2.409333265],
[9, 2.142488193],
[9, 2.143447622],
[9, 2.145791077],
[10, 1.930640000],
[10, 1.934380120],
[10, 1.930578878],
[11, 7.216362950],
[11, 7.224893892],
[11, 7.221976345],
[12, 7.556299700],
[12, 7.585095643],
[12, 7.563480641],
